#4A6FD9|-0.07680468|7.374712E-17|-3.321275
#950E3A|1.35694|4.522337E-17|-2.03668
#7A20AD|-0.1854897|5.180499E-17|-2.333089
#234FFF|-1.233551|5.399885E-17|-2.431892
#11BDBD|-3.1517|4.346829E-17|-1.957638
#4FD345|-2.499134|3.688667E-17|-1.661228
#9F0025|-2.024541|1.626432E-17|-0.7324799
#049CB5|-1.016028|1.231536E-17|-0.5546347
#E008D9|0.3484294|1.626431E-17|-0.7324797
#7A3D92|0.3286549|3.688667E-17|-1.661228
#CBAD4C|1.772211|1.275414E-17|-0.5743954
#11D735|3.156442|2.723365E-17|-1.226494
#1AC2EF|1.81176|-1.88376E-17|0.8483699
#345B8E|0.6450496|-7.429438E-18|0.3345922
#70793B|-0.2052637|-2.366409E-17|1.065736
#8571D1|-1.154452|-2.103145E-17|0.9471723
#95FEB1|-2.14319|-2.585793E-17|1.164538
#D264C2|-1.451073|-3.770486E-17|1.698076
#E0CFCC|-1.727921|-6.359247E-17|2.86395
#91184E|-2.360712|-5.657208E-17|2.54778
#AEA657|-0.501886|-5.876599E-17|2.646585
#75E43C|1.000995|-3.770486E-17|1.698076
#AD52D5|0.8625715|-7.105164E-17|3.199881
#05E69E|2.068832|-5.262313E-17|2.369935
